230.521   2.2  $\pm$  0.06799019537158771   1.0   0.496  $\pm$  0.015234207123006653   0.2   -0.57  $\pm$  0.008164965809277261  
231.755   2.04  $\pm$  0.0633411924948265   1.0   0.512  $\pm$  0.01570338392406766   0.2   -0.48  $\pm$  0.008164965809277261   
232.989   1.88  $\pm$  0.05871649399160909   1.0   0.528  $\pm$  0.016173195932364964   0.2   -0.38  $\pm$  0.008164965809277261 
234.233   1.76  $\pm$  0.05526759146793595   1.0   0.536  $\pm$  0.016408323091244476   0.2   -0.26  $\pm$  0.008164965809277261 
235.457   1.68  $\pm$  0.05297949288797191   1.0   0.544  $\pm$  0.016643589356465954   0.2   -0.14  $\pm$  0.008164965809277261 
237.925   1.68  $\pm$  0.05297949288797191   1.0   0.544  $\pm$  0.016643589356465954   0.2   0.13  $\pm$  0.008164965809277261  
239.159   1.76  $\pm$  0.05526759146793595   1.0   0.536  $\pm$  0.016408323091244476   0.2   0.25  $\pm$  0.008164965809277261  
240.393   1.88  $\pm$  0.05871649399160909   1.0   0.528  $\pm$  0.016173195932364964   0.2   0.35  $\pm$  0.008164965809277261  
209.542   3.6  $\pm$  0.10922759114192103   1.0   0.244  $\pm$  0.007499937777519668   0.1   -1.04  $\pm$  0.008164965809277261  
212.01   3.56  $\pm$  0.10804122669919416   1.0   0.264  $\pm$  0.008086597966182482   0.1   -1.02  $\pm$  0.008164965809277261  
214.478   3.48  $\pm$  0.10566942162549517   1.0   0.284  $\pm$  0.008675083092781685   0.1   -0.998  $\pm$  0.008164965809277261
216.946   3.36  $\pm$  0.10211418445380967   1.0   0.312  $\pm$  0.009501382355566303   0.1   -0.95  $\pm$  0.008164965809277261 
219.414   3.28  $\pm$  0.0997458102712423   1.0   0.34  $\pm$  0.010329891900047487   0.1   -0.91  $\pm$  0.008164965809277261   
221.882   3.12  $\pm$  0.09501382355566303   1.0   0.372  $\pm$  0.011278841548078714   0.1   -0.87  $\pm$  0.008164965809277261 
224.35   2.92  $\pm$  0.08910907174169568   1.0   0.408  $\pm$  0.012668238498965301   0.2   -0.82  $\pm$  0.008164965809277261  
226.818   2.64  $\pm$  0.08086597966182484   1.0   0.444  $\pm$  0.013714556743353635   0.2   -0.74  $\pm$  0.008164965809277261 
229.282   2.36  $\pm$  0.0726588374987287   1.0   0.48  $\pm$  0.014765726079900936   0.2   -0.64  $\pm$  0.008164965809277261   
261.375   3.48  $\pm$  0.10566942162549517   1.0   0.288  $\pm$  0.008792966886476182   0.1   0.8  $\pm$  0.008164965809277261   
258.907   3.4  $\pm$  0.10329891900047486   1.0   0.308  $\pm$  0.009383190644267368   0.1   0.79  $\pm$  0.008164965809277261   
256.439   3.28  $\pm$  0.0997458102712423   1.0   0.332  $\pm$  0.010092981059462396   0.1   0.78  $\pm$  0.008164965809277261
253.971   3.16  $\pm$  0.09619618842067842   1.0   0.356  $\pm$  0.010804122669919416   0.1   0.76  $\pm$  0.008164965809277261
251.503   3.0  $\pm$  0.09146948489341496   1.0   0.384  $\pm$  0.011635165089789944   0.1   0.75  $\pm$  0.008164965809277261
249.035   2.84  $\pm$  0.08675083092781687   1.0   0.416  $\pm$  0.01290027389890101   0.2   0.69  $\pm$  0.008164965809277261
246.567   2.6  $\pm$  0.07969107018146178   1.0   0.448  $\pm$  0.013831133961706345   0.2   0.64  $\pm$  0.008164965809277261
244.099   2.32  $\pm$  0.07149004592715455   1.0   0.48  $\pm$  0.014765726079900936   0.2   0.56  $\pm$  0.008164965809277261
241.631   2.04  $\pm$  0.0633411924948265   1.0   0.512  $\pm$  0.01570338392406766   0.2   0.43  $\pm$  0.008164965809277261