#tempi      #V
0.00000024	0.002
0.00000032	0.0028
0.00000036	0.0052
0.0000004	0.0048
0.00000044	0.0056
0.00000048	0.0072
0.00000052	0.0084
0.00000056	0.008
0.0000006	0.01
0.00000064	0.0112
0.00000068	0.0116
0.00000072	0.012
0.00000076	0.0144
0.0000008	0.014
0.00000084	0.0148
0.00000088	0.016
0.00000092	0.0176
0.00000096	0.0168
0.000001	0.0188
0.00000104	0.0196
0.00000108	0.0204
0.00000112	0.02
0.00000116	0.0228
0.0000012	0.022
0.00000124	0.0224
0.00000128	0.0236
0.00000132	0.0256
0.00000136	0.0244
0.0000014	0.026
0.00000144	0.0268
0.00000148	0.0276
0.00000152	0.0268
0.00000156	0.0292
0.0000016	0.0288
0.00000164	0.0292
0.00000168	0.03
0.00000172	0.0312
0.00000176	0.0304
0.0000018	0.0316
0.00000184	0.032
0.00000188	0.0328
0.00000192	0.032
0.00000196	0.0336
0.000002	0.0336
0.00000204	0.034
0.00000208	0.034
0.00000212	0.0348
0.00000216	0.0344
0.0000022	0.0352
0.00000224	0.0352
0.00000228	0.0356
0.00000232	0.0356
0.00000236	0.036
0.0000024	0.036
0.00000244	0.0364
0.00000248	0.0364
0.00000252	0.0368
0.00000256	0.0368
0.0000026	0.0368
0.00000264	0.0368
0.00000268	0.0368
0.00000272	0.0368
0.00000276	0.0368
0.0000028	0.0368
0.00000284	0.0368
0.00000288	0.0368
0.00000292	0.0364
0.00000296	0.0368
0.000003	0.0364
0.00000304	0.036
0.00000308	0.036
0.00000312	0.0364
0.00000316	0.0356
0.0000032	0.0356
0.00000324	0.0356
0.00000328	0.0352
0.00000332	0.0344
0.00000336	0.0352
0.0000034	0.0344
0.00000344	0.034
0.00000348	0.0336
0.00000352	0.0336
0.00000356	0.0332
0.0000036	0.0328
0.00000364	0.0324
0.00000368	0.0324
0.00000372	0.0316
0.00000376	0.0316
0.0000038	0.0308
0.00000384	0.0304
0.00000388	0.0296
0.00000392	0.03
0.00000396	0.0292
0.000004	0.0288
0.00000404	0.028
0.00000408	0.0276
0.00000412	0.0268
0.00000416	0.0268
0.0000042	0.026
0.00000424	0.0252
0.00000428	0.0244
0.00000432	0.0244
0.00000436	0.0236
0.0000044	0.0228
0.00000444	0.0224
0.00000448	0.022
0.00000452	0.0212
0.00000456	0.0204
0.0000046	0.02
0.00000464	0.0192
0.00000468	0.0188
0.00000472	0.0184
0.00000476	0.0176
0.0000048	0.0168
0.00000484	0.016
0.00000488	0.0156
0.00000492	0.0148
0.00000496	0.014
0.000005	0.0136
0.00000504	0.0132
0.00000508	0.012
0.00000512	0.0116
0.00000516	0.0112
0.0000052	0.01
0.00000524	0.0096
0.00000528	0.0088
0.00000532	0.0084
0.00000536	0.0076
0.0000054	0.0072
0.00000544	0.0064
0.00000548	0.0056
0.00000552	0.0048
0.00000556	0.0044
0.0000056	0.0036
0.00000564	0.0032
0.00000568	0.0024
0.00000572	0.002
0.00000576	0.0012
0.0000058	0.0004
0.00000584	0
0.00000588	-0.0008
0.00000592	-0.0016
0.00000596	-0.002
0.000006	-0.0028
0.00000604	-0.0032
0.00000608	-0.004
0.00000612	-0.0044
0.00000616	-0.0052
0.0000062	-0.0056
0.00000624	-0.0064
0.00000628	-0.0068
0.00000632	-0.0076
0.00000636	-0.008
0.0000064	-0.0088
0.00000644	-0.0092
0.00000648	-0.0096
0.00000652	-0.01
0.00000656	-0.0104
0.0000066	-0.0112
0.00000664	-0.0116
0.00000668	-0.012
0.00000672	-0.0124
0.00000676	-0.0132
0.0000068	-0.0132
0.00000684	-0.014
0.00000688	-0.0144
0.00000692	-0.0148
0.00000696	-0.0152
0.000007	-0.0156
0.00000704	-0.016
0.00000708	-0.016
0.00000712	-0.0168
0.00000716	-0.0168
0.0000072	-0.0172
0.00000724	-0.0176
0.00000728	-0.018
0.00000732	-0.0184
0.00000736	-0.0184
0.0000074	-0.0188
0.00000744	-0.0192
0.00000748	-0.0196
0.00000752	-0.0196
0.00000756	-0.02
0.0000076	-0.02
0.00000764	-0.02
0.00000768	-0.0204
0.00000772	-0.0208
0.00000776	-0.0208
0.0000078	-0.0208
0.00000784	-0.0208
0.00000788	-0.0212
0.00000792	-0.0212
0.00000796	-0.0216
0.000008	-0.0216
0.00000804	-0.0216
0.00000808	-0.0216
0.00000812	-0.0216
0.00000816	-0.0216
0.0000082	-0.022
0.00000824	-0.0216
0.00000828	-0.022
0.00000832	-0.0216
0.00000836	-0.022
0.0000084	-0.022
0.00000844	-0.0216
0.00000848	-0.0216
0.00000852	-0.0216
0.00000856	-0.0216
0.0000086	-0.0216
0.00000864	-0.0212
0.00000868	-0.0212
0.00000872	-0.0212
0.00000876	-0.0212
0.0000088	-0.0212
0.00000884	-0.0208
0.00000888	-0.0204
0.00000892	-0.0204
0.00000896	-0.0204
0.000009	-0.02
0.00000904	-0.0196
0.00000908	-0.0196
0.00000912	-0.0196
0.00000916	-0.0192
0.0000092	-0.0188
0.00000924	-0.0188
0.00000928	-0.0184
0.00000932	-0.018
0.00000936	-0.018
0.0000094	-0.0176
0.00000944	-0.0172
0.00000948	-0.0172
0.00000952	-0.0168
0.00000956	-0.0164
0.0000096	-0.016
0.00000964	-0.0156
0.00000968	-0.0156
0.00000972	-0.0148
0.00000976	-0.0148
0.0000098	-0.0144
0.00000984	-0.014
0.00000988	-0.0136
0.00000992	-0.0132
0.00000996	-0.0132
0.00001	-0.0124
0.00001004	-0.0124
0.00001008	-0.012
0.00001012	-0.0112
0.00001016	-0.0108
0.0000102	-0.0104
0.00001024	-0.0104
0.00001028	-0.0096
0.00001032	-0.0096
0.00001036	-0.0088
0.0000104	-0.0084
0.00001044	-0.008
0.00001048	-0.0076
0.00001052	-0.0072
0.00001056	-0.0068
0.0000106	-0.0064
0.00001064	-0.006
0.00001068	-0.0056
0.00001072	-0.0052
0.00001076	-0.0048
0.0000108	-0.0044
0.00001084	-0.004
0.00001088	-0.0036
0.00001092	-0.0032
0.00001096	-0.0028
0.000011	-0.0024
0.00001104	-0.002
0.00001108	-0.0012
0.00001112	-0.0008
0.00001116	-0.0004
0.0000112	0
0.00001124	0.0004
0.00001128	0.0008
0.00001132	0.0012
0.00001136	0.0016
0.0000114	0.002
0.00001144	0.0024
0.00001148	0.0028
0.00001152	0.0032
0.00001156	0.0032
0.0000116	0.004
0.00001164	0.0044
0.00001168	0.0048
0.00001172	0.0052
0.00001176	0.0056
0.0000118	0.006
0.00001184	0.0064
0.00001188	0.0068
0.00001192	0.0068
0.00001196	0.0072
0.000012	0.0076
0.00001204	0.008
0.00001208	0.008
0.00001212	0.0084
0.00001216	0.0088
0.0000122	0.0092
0.00001224	0.0096
0.00001228	0.0096
0.00001232	0.01
0.00001236	0.0104
0.0000124	0.0108
0.00001244	0.0108
0.00001248	0.0112
0.00001252	0.0112
0.00001256	0.0116
0.0000126	0.012
0.00001264	0.012
0.00001268	0.0124
0.00001272	0.0124
0.00001276	0.0128
0.0000128	0.0128
0.00001284	0.0132
0.00001288	0.0132
0.00001292	0.0132
0.00001296	0.0136
0.000013	0.014
0.00001304	0.014
0.00001308	0.014
0.00001312	0.0144
0.00001316	0.0144
0.0000132	0.0144
0.00001324	0.0148
0.00001328	0.0148
0.00001332	0.0148
0.00001336	0.0148
0.0000134	0.0148
0.00001344	0.0148
0.00001348	0.0152
0.00001352	0.0152
0.00001356	0.0152
0.0000136	0.0152
0.00001364	0.0152
0.00001368	0.0152
0.00001372	0.0156
0.00001376	0.0156
0.0000138	0.0152
0.00001384	0.0152
0.00001388	0.0152
0.00001392	0.0152
0.00001396	0.0152
0.000014	0.0152
0.00001404	0.0152
0.00001408	0.0152
0.00001412	0.0152
0.00001416	0.0152
0.0000142	0.0152
0.00001424	0.0152
0.00001428	0.0148
0.00001432	0.0148
0.00001436	0.0144
0.0000144	0.0144
0.00001444	0.0144
0.00001448	0.0144
0.00001452	0.014
0.00001456	0.014
0.0000146	0.014
0.00001464	0.0136
0.00001468	0.0136
0.00001472	0.0132
0.00001476	0.0132
0.0000148	0.0132
0.00001484	0.0128
0.00001488	0.0128
0.00001492	0.0124
0.00001496	0.0124
0.000015	0.0124
0.00001504	0.012
0.00001508	0.012
0.00001512	0.0116
0.00001516	0.0116
0.0000152	0.0112
0.00001524	0.0112
0.00001528	0.0108
0.00001532	0.0104
0.00001536	0.0104
0.0000154	0.01
0.00001544	0.01
0.00001548	0.0096
0.00001552	0.0092
0.00001556	0.0092
0.0000156	0.0092
0.00001564	0.0088
0.00001568	0.0084
0.00001572	0.008
0.00001576	0.008
0.0000158	0.0076
0.00001584	0.0076
0.00001588	0.0072
0.00001592	0.0068
0.00001596	0.0068
0.000016	0.0064
0.00001604	0.006
0.00001608	0.0056
0.00001612	0.0056
0.00001616	0.0052
0.0000162	0.0048
0.00001624	0.0048
0.00001628	0.0044
0.00001632	0.004
0.00001636	0.0036
0.0000164	0.0036
0.00001644	0.0032
0.00001648	0.0032
0.00001652	0.0028
0.00001656	0.0024
0.0000166	0.002
0.00001664	0.002
0.00001668	0.0016
0.00001672	0.0016
0.00001676	0.0012
0.0000168	0.0008
0.00001684	0.0008
0.00001688	0.0004
0.00001692	0
0.00001696	0
0.000017	-0.0004
0.00001704	-0.0008
0.00001708	-0.0008
0.00001712	-0.0012
0.00001716	-0.0016
0.0000172	-0.0016
0.00001724	-0.002
0.00001728	-0.002
0.00001732	-0.0024
0.00001736	-0.0024
0.0000174	-0.0028
0.00001744	-0.0032
0.00001748	-0.0032
0.00001752	-0.0036
0.00001756	-0.0036
0.0000176	-0.0036
0.00001764	-0.004
0.00001768	-0.0044
0.00001772	-0.0044
0.00001776	-0.0044
0.0000178	-0.0048
0.00001784	-0.0052
0.00001788	-0.0052
0.00001792	-0.0052
0.00001796	-0.0056
0.000018	-0.0056
0.00001804	-0.006
0.00001808	-0.006
0.00001812	-0.006
0.00001816	-0.0064
0.0000182	-0.0064
0.00001824	-0.0068
0.00001828	-0.0068
0.00001832	-0.0068
0.00001836	-0.0068
0.0000184	-0.0072
0.00001844	-0.0072
0.00001848	-0.0076
0.00001852	-0.0072
0.00001856	-0.0076
0.0000186	-0.0076
0.00001864	-0.008
0.00001868	-0.008
0.00001872	-0.008
0.00001876	-0.008
0.0000188	-0.008
0.00001884	-0.0084
0.00001888	-0.008
0.00001892	-0.0084
0.00001896	-0.0084
0.000019	-0.0084
0.00001904	-0.0084
0.00001908	-0.0084
0.00001912	-0.0084
0.00001916	-0.0084
0.0000192	-0.0084
0.00001924	-0.0084
0.00001928	-0.0084
0.00001932	-0.0084
0.00001936	-0.0084
0.0000194	-0.0084
0.00001944	-0.0084
0.00001948	-0.0084
0.00001952	-0.0084
0.00001956	-0.0084
0.0000196	-0.0084
0.00001964	-0.008
0.00001968	-0.008
0.00001972	-0.0084
0.00001976	-0.008
0.0000198	-0.008
0.00001984	-0.008
0.00001988	-0.008
0.00001992	-0.008
0.00001996	-0.008
0.00002	-0.0076
0.00002004	-0.0076
0.00002008	-0.0076
0.00002012	-0.0076
0.00002016	-0.0072
0.0000202	-0.0072
0.00002024	-0.0072
0.00002028	-0.0072
0.00002032	-0.0072
0.00002036	-0.0068
0.0000204	-0.0068
0.00002044	-0.0068
0.00002048	-0.0068
0.00002052	-0.0064
0.00002056	-0.0064
0.0000206	-0.006
0.00002064	-0.006
0.00002068	-0.006
0.00002072	-0.006
0.00002076	-0.0056
0.0000208	-0.0056
0.00002084	-0.0056
0.00002088	-0.0052
0.00002092	-0.0052
0.00002096	-0.0052
0.000021	-0.0048
0.00002104	-0.0044
0.00002108	-0.0044
0.00002112	-0.0044
0.00002116	-0.004
0.0000212	-0.004
0.00002124	-0.004
0.00002128	-0.0036
0.00002132	-0.0036
0.00002136	-0.0032
0.0000214	-0.0032
0.00002144	-0.0028
0.00002148	-0.0028
0.00002152	-0.0024
0.00002156	-0.0024
0.0000216	-0.0024
0.00002164	-0.002
0.00002168	-0.0016
0.00002172	-0.0016
0.00002176	-0.0016
0.0000218	-0.0012
0.00002184	-0.0012
0.00002188	-0.0008
0.00002192	-0.0008
0.00002196	-0.0008
0.000022	-0.0004
0.00002204	-0.0004
0.00002208	-0.0004
0.00002212	0
0.00002216	0
0.0000222	0.0004
0.00002224	0.0004
0.00002228	0.0008
0.00002232	0.0008
0.00002236	0.0012
0.0000224	0.0012
0.00002244	0.0016
0.00002248	0.0016
0.00002252	0.0016
0.00002256	0.002
0.0000226	0.002
0.00002264	0.002
0.00002268	0.0024
0.00002272	0.0024
0.00002276	0.0028
0.0000228	0.0028
0.00002284	0.0028
0.00002288	0.0032
0.00002292	0.0032
0.00002296	0.0036
0.000023	0.0036
0.00002304	0.0036
0.00002308	0.004
0.00002312	0.004
0.00002316	0.004
0.0000232	0.0044
0.00002324	0.0044
0.00002328	0.0044
0.00002332	0.0048
0.00002336	0.0044
0.0000234	0.0048
0.00002344	0.0048
0.00002348	0.0052
0.00002352	0.0052
0.00002356	0.0052
0.0000236	0.0052
0.00002364	0.0056
0.00002368	0.0056
0.00002372	0.0056
0.00002376	0.0056
0.0000238	0.006
0.00002384	0.006
0.00002388	0.006
0.00002392	0.006
0.00002396	0.006
0.000024	0.006
0.00002404	0.0064
0.00002408	0.0064
0.00002412	0.0064
0.00002416	0.0064
0.0000242	0.0064
0.00002424	0.0064
0.00002428	0.0064
0.00002432	0.0068
0.00002436	0.0068
0.0000244	0.0068
0.00002444	0.0068
0.00002448	0.0068
0.00002452	0.0068
0.00002456	0.0068
0.0000246	0.0068
0.00002464	0.0068
0.00002468	0.0068
0.00002472	0.0068
0.00002476	0.0068
0.0000248	0.0068
0.00002484	0.0068
0.00002488	0.0068
0.00002492	0.0068
0.00002496	0.0068
0.000025	0.0068
0.00002504	0.0068
0.00002508	0.0068
0.00002512	0.0068
0.00002516	0.0068
0.0000252	0.0068
0.00002524	0.0068
0.00002528	0.0064
0.00002532	0.0064
0.00002536	0.0068
0.0000254	0.0068
0.00002544	0.0064
0.00002548	0.0064
0.00002552	0.0064
0.00002556	0.0064
0.0000256	0.0064
0.00002564	0.006
0.00002568	0.0064
0.00002572	0.006
0.00002576	0.006
0.0000258	0.006
0.00002584	0.006
0.00002588	0.0056
0.00002592	0.0056
0.00002596	0.0056
0.000026	0.0056
0.00002604	0.0052
0.00002608	0.0052
0.00002612	0.0056
0.00002616	0.0052
0.0000262	0.0052
0.00002624	0.0052
0.00002628	0.0048
0.00002632	0.0048
0.00002636	0.0048
0.0000264	0.0048
0.00002644	0.0044
0.00002648	0.0044
0.00002652	0.0044
0.00002656	0.004
0.0000266	0.004
0.00002664	0.004
0.00002668	0.004
0.00002672	0.004
0.00002676	0.0036
0.0000268	0.0036
0.00002684	0.0036
0.00002688	0.0032
0.00002692	0.0032
0.00002696	0.0032
0.000027	0.0032
0.00002704	0.0032
0.00002708	0.0028
0.00002712	0.0028
0.00002716	0.0028
0.0000272	0.0024
0.00002724	0.0024
0.00002728	0.0024
0.00002732	0.002
0.00002736	0.002
0.0000274	0.002
0.00002744	0.002
0.00002748	0.0016
0.00002752	0.0016
0.00002756	0.0016
0.0000276	0.0016
0.00002764	0.0012
0.00002768	0.0012
0.00002772	0.0012
0.00002776	0.0012
0.0000278	0.0008
0.00002784	0.0008
0.00002788	0.0008
0.00002792	0.0004
0.00002796	0.0004
0.000028	0.0004
0.00002804	0
0.00002808	0
0.00002812	0
0.00002816	0
0.0000282	-0.0004
0.00002824	-0.0004
0.00002828	-0.0004
0.00002832	-0.0004
0.00002836	-0.0008
0.0000284	-0.0008
0.00002844	-0.0008
0.00002848	-0.0008
0.00002852	-0.0008
0.00002856	-0.0012
0.0000286	-0.0012
0.00002864	-0.0012
0.00002868	-0.0012
0.00002872	-0.0016
0.00002876	-0.0012
0.0000288	-0.0016
0.00002884	-0.0016
0.00002888	-0.0016
0.00002892	-0.0016
0.00002896	-0.002
0.000029	-0.002
0.00002904	-0.002
0.00002908	-0.002
0.00002912	-0.002
0.00002916	-0.002
0.0000292	-0.0024
0.00002924	-0.002
0.00002928	-0.0024
0.00002932	-0.0024
0.00002936	-0.0024
0.0000294	-0.0024
0.00002944	-0.0028
0.00002948	-0.0024
0.00002952	-0.0024
0.00002956	-0.0028
0.0000296	-0.0024
0.00002964	-0.0028
0.00002968	-0.0028
0.00002972	-0.0028
0.00002976	-0.0028
0.0000298	-0.0028
0.00002984	-0.0028
0.00002988	-0.0028
0.00002992	-0.0028
0.00002996	-0.0028
0.00003	-0.0028
0.00003004	-0.0028
0.00003008	-0.0032
0.00003012	-0.0032
0.00003016	-0.0032
0.0000302	-0.0028
0.00003024	-0.0032
0.00003028	-0.0028
0.00003032	-0.0032
0.00003036	-0.0032
0.0000304	-0.0032
0.00003044	-0.0032
0.00003048	-0.0032
0.00003052	-0.0028
0.00003056	-0.0028
0.0000306	-0.0032
0.00003064	-0.0028
0.00003068	-0.0028
0.00003072	-0.0032
0.00003076	-0.0028
0.0000308	-0.0028
0.00003084	-0.0028
0.00003088	-0.0028
0.00003092	-0.0028
0.00003096	-0.0028
0.000031	-0.0028
0.00003104	-0.0028
0.00003108	-0.0028
0.00003112	-0.0024
0.00003116	-0.0024
0.0000312	-0.0028
0.00003124	-0.0024
0.00003128	-0.0024
0.00003132	-0.0024
0.00003136	-0.0024
0.0000314	-0.0024
0.00003144	-0.0024
0.00003148	-0.0024
0.00003152	-0.002
0.00003156	-0.002
0.0000316	-0.002
0.00003164	-0.002
0.00003168	-0.0016
0.00003172	-0.002
0.00003176	-0.002
0.0000318	-0.0016
0.00003184	-0.0016
0.00003188	-0.0016
0.00003192	-0.0016
0.00003196	-0.0016
0.000032	-0.0016
0.00003204	-0.0012
0.00003208	-0.0016
0.00003212	-0.0012
0.00003216	-0.0012
0.0000322	-0.0012
0.00003224	-0.0012
0.00003228	-0.0012
0.00003232	-0.0008
0.00003236	-0.0008
0.0000324	-0.0008
0.00003244	-0.0008
0.00003248	-0.0008
0.00003252	-0.0008
0.00003256	-0.0004
0.0000326	-0.0004
0.00003264	-0.0004
0.00003268	-0.0004
0.00003272	-0.0004
0.00003276	0
0.0000328	0
0.00003284	0
0.00003288	0
0.00003292	0.0004
0.00003296	0.0004
0.000033	0
0.00003304	0.0004
0.00003308	0.0004
0.00003312	0.0004
0.00003316	0.0008
0.0000332	0.0008
0.00003324	0.0008
0.00003328	0.0008
0.00003332	0.0012
0.00003336	0.0008
0.0000334	0.0012
0.00003344	0.0012
0.00003348	0.0012
0.00003352	0.0012
0.00003356	0.0012
0.0000336	0.0012
0.00003364	0.0016
0.00003368	0.0016
0.00003372	0.0016
0.00003376	0.0016
0.0000338	0.0016
0.00003384	0.0016
0.00003388	0.002
0.00003392	0.002
0.00003396	0.002
0.000034	0.002
0.00003404	0.002
0.00003408	0.002
0.00003412	0.002
0.00003416	0.002
0.0000342	0.0024
0.00003424	0.0024
0.00003428	0.0024
0.00003432	0.0024
0.00003436	0.0024
0.0000344	0.0024
0.00003444	0.0024
0.00003448	0.0024
0.00003452	0.0024
0.00003456	0.0024
0.0000346	0.0028
0.00003464	0.0028
0.00003468	0.0028
0.00003472	0.0028
0.00003476	0.0028
0.0000348	0.0032
0.00003484	0.0028
0.00003488	0.0028
0.00003492	0.0028
0.00003496	0.0032
0.000035	0.0032
0.00003504	0.0032
0.00003508	0.0028
0.00003512	0.0032
0.00003516	0.0032
0.0000352	0.0032
0.00003524	0.0032
0.00003528	0.0032
0.00003532	0.0032
0.00003536	0.0032
0.0000354	0.0032
0.00003544	0.0032
0.00003548	0.0036
0.00003552	0.0032
0.00003556	0.0032
0.0000356	0.0032
0.00003564	0.0032
0.00003568	0.0032
0.00003572	0.0036
0.00003576	0.0032
0.0000358	0.0032
0.00003584	0.0032
0.00003588	0.0032
0.00003592	0.0032
0.00003596	0.0032
0.000036	0.0032
0.00003604	0.0032
0.00003608	0.0032
0.00003612	0.0032
0.00003616	0.0032
0.0000362	0.0032
0.00003624	0.0032
0.00003628	0.0032
0.00003632	0.0032
0.00003636	0.0032
0.0000364	0.0032
0.00003644	0.0032
0.00003648	0.0032
0.00003652	0.0032
0.00003656	0.0028
0.0000366	0.0032
0.00003664	0.0032
0.00003668	0.0028
0.00003672	0.0028
0.00003676	0.0028
0.0000368	0.0028
0.00003684	0.0028
0.00003688	0.0028
0.00003692	0.0028
0.00003696	0.0028
0.000037	0.0028
0.00003704	0.0028
0.00003708	0.0028
0.00003712	0.0024
0.00003716	0.0028
0.0000372	0.0024
0.00003724	0.0028
0.00003728	0.0024
0.00003732	0.0024
0.00003736	0.0024
0.0000374	0.0024
0.00003744	0.0024
0.00003748	0.0024
0.00003752	0.0024
0.00003756	0.0024
0.0000376	0.0024
0.00003764	0.002
0.00003768	0.002
0.00003772	0.002
0.00003776	0.002
0.0000378	0.002
0.00003784	0.0016
0.00003788	0.002
0.00003792	0.0016
0.00003796	0.002
0.000038	0.0016
0.00003804	0.0016
0.00003808	0.0016
0.00003812	0.0016
0.00003816	0.0016
0.0000382	0.0016
0.00003824	0.0016
0.00003828	0.0012
0.00003832	0.0016
0.00003836	0.0012
0.0000384	0.0012
0.00003844	0.0008
0.00003848	0.0012
0.00003852	0.0012
0.00003856	0.0012
0.0000386	0.0008
0.00003864	0.0008
0.00003868	0.0008
0.00003872	0.0008
0.00003876	0.0008
0.0000388	0.0008
0.00003884	0.0008
0.00003888	0.0008
0.00003892	0.0008
0.00003896	0.0008
0.000039	0.0004
0.00003904	0.0008
0.00003908	0.0004
0.00003912	0.0004
0.00003916	0.0004
0.0000392	0.0004
0.00003924	0.0004
0.00003928	0.0004
0.00003932	0
0.00003936	0.0004
0.0000394	0.0004
0.00003944	0
0.00003948	0
0.00003952	0
0.00003956	0
0.0000396	0
0.00003964	0
0.00003968	0
0.00003972	0
0.00003976	-0.0004
0.0000398	0
0.00003984	-0.0004
0.00003988	-0.0004
0.00003992	-0.0004
0.00003996	-0.0004
0.00004	-0.0004
0.00004004	-0.0004
0.00004008	-0.0004
0.00004012	-0.0004
0.00004016	-0.0004
0.0000402	-0.0004
0.00004024	-0.0004
0.00004028	-0.0004
0.00004032	-0.0004
0.00004036	-0.0004
0.0000404	-0.0004
0.00004044	-0.0004
0.00004048	-0.0008
0.00004052	-0.0004
0.00004056	-0.0008
0.0000406	-0.0008
0.00004064	-0.0008
0.00004068	-0.0008
0.00004072	-0.0008
0.00004076	-0.0008
0.0000408	-0.0008
0.00004084	-0.0008
0.00004088	-0.0008
0.00004092	-0.0008
0.00004096	-0.0008
0.000041	-0.0008
0.00004104	-0.0008
0.00004108	-0.0008
0.00004112	-0.0008
0.00004116	-0.0008
0.0000412	-0.0008
0.00004124	-0.0008
0.00004128	-0.0008
0.00004132	-0.0008
0.00004136	-0.0008
0.0000414	-0.0008
0.00004144	-0.0008
0.00004148	-0.0008
0.00004152	-0.0008
0.00004156	-0.0008
0.0000416	-0.0004
0.00004164	-0.0008
0.00004168	-0.0008
0.00004172	-0.0008
0.00004176	-0.0008
0.0000418	-0.0008
0.00004184	-0.0008
0.00004188	-0.0008
0.00004192	-0.0008
0.00004196	-0.0008
0.000042	-0.0008
0.00004204	-0.0004
0.00004208	-0.0004
0.00004212	-0.0008
0.00004216	-0.0004
0.0000422	-0.0004
0.00004224	-0.0004
0.00004228	-0.0004
0.00004232	-0.0004
0.00004236	-0.0004
0.0000424	-0.0004
0.00004244	-0.0004
0.00004248	-0.0004
0.00004252	-0.0004
0.00004256	-0.0004
0.0000426	-0.0004
0.00004264	-0.0004
0.00004268	-0.0004
0.00004272	-0.0004
0.00004276	-0.0004
0.0000428	-0.0004
0.00004284	-0.0004
0.00004288	0
0.00004292	-0.0004
0.00004296	0
0.000043	0
0.00004304	0
0.00004308	0
0.00004312	0
0.00004316	0
0.0000432	0
0.00004324	0
0.00004328	0
0.00004332	0
0.00004336	0.0004
0.0000434	0
0.00004344	0.0004
0.00004348	0
0.00004352	0.0004
0.00004356	0.0004
0.0000436	0.0004
0.00004364	0.0004
0.00004368	0.0004
0.00004372	0.0004
0.00004376	0.0004
0.0000438	0.0004
0.00004384	0.0004
0.00004388	0.0004
0.00004392	0.0004
0.00004396	0.0008
0.000044	0.0004
0.00004404	0.0008
0.00004408	0.0008
0.00004412	0.0008
0.00004416	0.0008
0.0000442	0.0008
0.00004424	0.0008
0.00004428	0.0008
0.00004432	0.0008
0.00004436	0.0008
0.0000444	0.0008
0.00004444	0.0008
0.00004448	0.0012
0.00004452	0.0008
0.00004456	0.0008
0.0000446	0.0008
0.00004464	0.0012
0.00004468	0.0012
0.00004472	0.0008
0.00004476	0.0012
0.0000448	0.0012
0.00004484	0.0012
0.00004488	0.0012
0.00004492	0.0012
0.00004496	0.0012
0.000045	0.0016
0.00004504	0.0012
0.00004508	0.0016
0.00004512	0.0012
0.00004516	0.0016
0.0000452	0.0016
0.00004524	0.0012
0.00004528	0.0012
0.00004532	0.0016
0.00004536	0.0012
0.0000454	0.0016
0.00004544	0.0016
0.00004548	0.0016
0.00004552	0.0016
0.00004556	0.0016
0.0000456	0.0016
0.00004564	0.0016
0.00004568	0.0016
0.00004572	0.0016
0.00004576	0.0016
0.0000458	0.0016
0.00004584	0.0016
0.00004588	0.0016
0.00004592	0.0016
0.00004596	0.0016
0.000046	0.0016
0.00004604	0.0016
0.00004608	0.002
0.00004612	0.0016
0.00004616	0.0016
0.0000462	0.0016
0.00004624	0.0016
0.00004628	0.002
0.00004632	0.002
0.00004636	0.002
0.0000464	0.0016
0.00004644	0.002
0.00004648	0.002
0.00004652	0.002
0.00004656	0.0016
0.0000466	0.0016
0.00004664	0.002
0.00004668	0.002
0.00004672	0.0016
0.00004676	0.002
0.0000468	0.002
0.00004684	0.0016
0.00004688	0.002
0.00004692	0.0016
0.00004696	0.002
0.000047	0.002
0.00004704	0.002
0.00004708	0.002
0.00004712	0.0016
0.00004716	0.002
0.0000472	0.0016
0.00004724	0.002
0.00004728	0.0016
0.00004732	0.002
0.00004736	0.0016
0.0000474	0.002
0.00004744	0.002
0.00004748	0.0016
0.00004752	0.0016
0.00004756	0.002
0.0000476	0.002
0.00004764	0.0016
0.00004768	0.0016
0.00004772	0.0016
0.00004776	0.0016
0.0000478	0.0016
0.00004784	0.0016
0.00004788	0.0016
0.00004792	0.0016
0.00004796	0.0016
0.000048	0.0016
0.00004804	0.0016
0.00004808	0.0016
0.00004812	0.0016
0.00004816	0.0016
0.0000482	0.0016
0.00004824	0.0016
0.00004828	0.0016
0.00004832	0.0016
0.00004836	0.0012
0.0000484	0.0016
0.00004844	0.0016
0.00004848	0.0012
0.00004852	0.0016
0.00004856	0.0012
0.0000486	0.0016
0.00004864	0.0016
0.00004868	0.0012
0.00004872	0.0016
0.00004876	0.0012
0.0000488	0.0012
0.00004884	0.0012
0.00004888	0.0012
0.00004892	0.0012
0.00004896	0.0012
0.000049	0.0012
0.00004904	0.0012
0.00004908	0.0012
0.00004912	0.0012
0.00004916	0.0012
0.0000492	0.0008
0.00004924	0.0012
0.00004928	0.0012
0.00004932	0.0012
0.00004936	0.0008
0.0000494	0.0008
0.00004944	0.0008
0.00004948	0.0008
0.00004952	0.0008
0.00004956	0.0008
0.0000496	0.0008
0.00004964	0.0008
0.00004968	0.0008
0.00004972	0.0008
0.00004976	0.0008
0.0000498	0.0008
0.00004984	0.0008
0.00004988	0.0008
0.00004992	0.0008
0.00004996	0.0008
0.00005	0.0008
0.00005004	0.0008
0.00005008	0.0008
0.00005012	0.0008
0.00005016	0.0008
0.0000502	0.0008
0.00005024	0.0008
0.00005028	0.0004
0.00005032	0.0004
0.00005036	0.0004
0.0000504	0.0004
0.00005044	0.0004
0.00005048	0.0004
0.00005052	0.0004
0.00005056	0.0004
0.0000506	0.0004
0.00005064	0.0004
0.00005068	0.0004
0.00005072	0.0004
0.00005076	0.0004
0.0000508	0.0004
0.00005084	0.0004
0.00005088	0.0004
0.00005092	0.0004
0.00005096	0.0004
0.000051	0.0004
0.00005104	0.0004
0.00005108	0.0004
0.00005112	0.0004
0.00005116	0.0004
0.0000512	0.0004
0.00005124	0.0004
0.00005128	0
0.00005132	0
0.00005136	0.0004
0.0000514	0.0004
0.00005144	0.0004
0.00005148	0
0.00005152	0.0004
0.00005156	0
0.0000516	0.0004
0.00005164	0.0004
0.00005168	0.0004
0.00005172	0.0004
0.00005176	0
0.0000518	0
0.00005184	0
0.00005188	0
0.00005192	0
0.00005196	0
0.000052	0
0.00005204	0.0004
0.00005208	0
0.00005212	0
0.00005216	0.0004
0.0000522	0
0.00005224	0
0.00005228	0
0.00005232	0
0.00005236	0
0.0000524	0.0004
0.00005244	0.0004
0.00005248	0
0.00005252	0
0.00005256	0.0004
0.0000526	0
0.00005264	0
0.00005268	0
0.00005272	0.0004
0.00005276	0
0.0000528	0.0004
0.00005284	0
0.00005288	0.0004
0.00005292	0.0004
0.00005296	0
0.000053	0
0.00005304	0
0.00005308	0
0.00005312	0.0004
0.00005316	0.0004
0.0000532	0.0004
0.00005324	0.0004
0.00005328	0.0004
0.00005332	0.0004
0.00005336	0.0004
0.0000534	0
0.00005344	0.0004
0.00005348	0.0004
0.00005352	0.0004
0.00005356	0
0.0000536	0.0004
0.00005364	0.0004
0.00005368	0.0004
0.00005372	0.0004
0.00005376	0.0004
0.0000538	0.0004
0.00005384	0.0004
0.00005388	0.0004
0.00005392	0.0004
0.00005396	0.0004
0.000054	0.0004
0.00005404	0.0004
0.00005408	0.0004
0.00005412	0.0004
0.00005416	0.0008
0.0000542	0.0008
0.00005424	0.0004
0.00005428	0.0004
0.00005432	0.0004
0.00005436	0.0004
0.0000544	0.0004
0.00005444	0.0008
0.00005448	0.0004
0.00005452	0.0008
0.00005456	0.0004
0.0000546	0.0008
0.00005464	0.0008
0.00005468	0.0008
0.00005472	0.0008
0.00005476	0.0008
0.0000548	0.0008
0.00005484	0.0004
0.00005488	0.0008
0.00005492	0.0008
0.00005496	0.0008
0.000055	0.0008
0.00005504	0.0008
0.00005508	0.0008
0.00005512	0.0008
0.00005516	0.0008
0.0000552	0.0008
0.00005524	0.0008
0.00005528	0.0008
0.00005532	0.0008
0.00005536	0.0008
0.0000554	0.0008
0.00005544	0.0008
0.00005548	0.0008
0.00005552	0.0008
0.00005556	0.0008
0.0000556	0.0008
0.00005564	0.0012
0.00005568	0.0012
0.00005572	0.0012
0.00005576	0.0008
0.0000558	0.0012
0.00005584	0.0008
0.00005588	0.0012
0.00005592	0.0008
0.00005596	0.0012
0.000056	0.0008
0.00005604	0.0012
0.00005608	0.0012
0.00005612	0.0008
0.00005616	0.0012
0.0000562	0.0012
0.00005624	0.0012
0.00005628	0.0012
0.00005632	0.0012
0.00005636	0.0012
0.0000564	0.0012
0.00005644	0.0012
0.00005648	0.0012
0.00005652	0.0012
0.00005656	0.0012
0.0000566	0.0012
0.00005664	0.0012
0.00005668	0.0012
0.00005672	0.0012
0.00005676	0.0012
0.0000568	0.0012
0.00005684	0.0012
0.00005688	0.0012
0.00005692	0.0012
0.00005696	0.0012
0.000057	0.0012
0.00005704	0.0012
0.00005708	0.0012
0.00005712	0.0012
0.00005716	0.0012
0.0000572	0.0012
0.00005724	0.0012
0.00005728	0.0012
0.00005732	0.0012
0.00005736	0.0012
0.0000574	0.0012
0.00005744	0.0012
0.00005748	0.0012
0.00005752	0.0012
0.00005756	0.0012
0.0000576	0.0012
0.00005764	0.0012
0.00005768	0.0012
0.00005772	0.0016
0.00005776	0.0012
0.0000578	0.0012
0.00005784	0.0012
0.00005788	0.0016
0.00005792	0.0012
0.00005796	0.0012
0.000058	0.0012
0.00005804	0.0012
0.00005808	0.0012
0.00005812	0.0012
0.00005816	0.0012
0.0000582	0.0012
0.00005824	0.0012
0.00005828	0.0012
0.00005832	0.0012
0.00005836	0.0012
0.0000584	0.0012
0.00005844	0.0012
0.00005848	0.0012
0.00005852	0.0012
0.00005856	0.0012
0.0000586	0.0016
0.00005864	0.0012
0.00005868	0.0012
0.00005872	0.0012
0.00005876	0.0012
0.0000588	0.0012
0.00005884	0.0012
0.00005888	0.0012
0.00005892	0.0012
0.00005896	0.0012
0.000059	0.0012
0.00005904	0.0012
0.00005908	0.0012
0.00005912	0.0012
0.00005916	0.0012
0.0000592	0.0012
0.00005924	0.0012
0.00005928	0.0008
0.00005932	0.0012
0.00005936	0.0008
0.0000594	0.0012
0.00005944	0.0012
0.00005948	0.0012
0.00005952	0.0008
0.00005956	0.0008
0.0000596	0.0012
0.00005964	0.0008
0.00005968	0.0008
0.00005972	0.0008
0.00005976	0.0008
0.0000598	0.0012
0.00005984	0.0008
0.00005988	0.0008
0.00005992	0.0008
0.00005996	0.0008
0.00006	0.0008