2	2	586.3	7.1																						
2	2.5	503.8	5.7																						
2	3	436.0	4.7																						
2	3.5	403.6	4.0																						
2	4	422.5	4.7																						
2	4.5	393.3	4.7																						
2	5	366.2	4.7																						
2	5.5	314.3	3.5																						
2	6	282.9	3.5																						
2	6.5	332.9	3.5																						
2	7	281.0	2.8																						
2	7.5	222.6	2.4																						
2	8	271.3	2.8																						
2	8.5	234.6	2.4																						
2	9	254.3	2.6																						
2.5	2	562.4	5.7																						
2.5	2.5	458.2	4.7																						
2.5	3	438.7	4.7																						
2.5	3.5	391.3	4.0																						
2.5	4	332.6	3.5																						
2.5	4.5	349.3	3.5																						
2.5	5	316.5	3.5																						
2.5	5.5	306.1	3.5																						
2.5	6	261.3	2.8																						
2.5	6.5	268.9	2.8																						
2.5	7	243.8	2.8																						
2.5	7.5	241.6	2.6																						
2.5	8	218.0	2.4																						
2.5	8.5	219.0	2.8																						
2.5	9	204.6	2.0																						
3	2	500.2	5.7																						
3	2.5	435.8	4.4																						
3	3	438.7	4.7																						
3	3.5	354.5	3.5																						
3	4	352.3	3.5																						
3	4.5	299.7	3.1																						
3	5	289.6	3.1																						
3	5.5	263.7	2.8																						
3	6	248.7	2.6																						
3	6.5	246.6	2.6																						
3	7	227.4	2.8																						
3	7.5	217.5	2.2																						
3	8	218.9	2.2																						
3	8.5	201.8	2.0																						
3	9	216.0	2.4																						
3.5	2	439.5	4.7																						
3.5	2.5	421.8	4.4																						
3.5	3	380.9	4.0																						
3.5	3.5	370.7	4.0																						
3.5	4	309.6	3.5																						
3.5	4.5	290.7	3.1																						
3.5	5	266.1	2.8																						
3.5	5.5	260.0	2.8																						
3.5	6	233.3	2.4																						
3.5	6.5	220.2	2.2																						
3.5	7	213.5	2.2																						
3.5	7.5	207.6	2.0																						
3.5	8	234.6	2.4																						
3.5	8.5	187.2	2.0																						
3.5	9	194.1	1.9																						
4	2	492.7	4.7																						
4	2.5	396.1	4.0																						
4	3	406.8	4.7																						
4	3.5	321.5	3.5																						
4	4	254.0	2.8																						
4	4.5	272.6	2.8																						
4	5	240.7	2.4																						
4	5.5	232.2	2.4																						
4	6	223.7	2.4																						
4	6.5	207.5	2.2																						
4	7	201.4	2.0																						
4	7.5	192.3	2.0																						
4	8	178.6	2.0																						
4	8.5	183.3	2.0																						
4	9	219.8	2.4																						
4.5	2	429.0	4.7																						
4.5	2.5	320.0	3.1																						
4.5	3	355.1	3.5																						
4.5	3.5	300.2	3.1																						
4.5	4	287.2	3.1																						
4.5	4.5	263.2	2.8																						
4.5	5	245.5	2.6																						
4.5	5.5	232.2	2.4																						
4.5	6	225.2	2.4																						
4.5	6.5	197.7	2.0																						
4.5	7	198.3	2.0																						
4.5	7.5	185.1	1.9																						
4.5	8	177.6	1.8																						
4.5	8.5	164.1	1.7																						
4.5	9	163.7	1.8																						
5	2	433.8	4.7																						
5	2.5	385.0	4.0																						
5	3	328.0	3.5																						
5	3.5	300.9	3.1																						
5	4	293.0	3.1																						
5	4.5	245.9	2.6																						
5	5	199.8	2.2																						
5	5.5	226.3	2.4																						
5	6	227.1	2.6																						
5	6.5	198.6	2.0																						
5	7	243.3	2.8																						
5	7.5	174.9	1.9																						
5	8	204.0	2.0																						
5	8.5	160.4	1.8																						
5	9	166.6	1.8																						
5.5	2	463.5	4.7																						
5.5	2.5	335.8	3.5																						
5.5	3	329.3	3.5																						
5.5	3.5	294.2	3.1																						
5.5	4	279.9	2.8																						
5.5	4.5	252.4	2.6																						
5.5	5	234.6	2.4																						
5.5	5.5	208.3	2.0																						
5.5	6	224.0	2.2																						
5.5	6.5	196.9	2.0																						
5.5	7	190.5	1.9																						
5.5	7.5	175.3	1.8																						
5.5	8	169.3	1.8																						
5.5	8.5	164.2	1.6																						
5.5	9	162.9	1.8																						
6	2	436.8	4.7																						
6	2.5	382.0	4.4																						
6	3	327.0	3.5																						
6	3.5	278.1	2.8																						
6	4	275.6	3.1																						
6	4.5	234.2	2.4																						
6	5	239.6	2.8																						
6	5.5	199.9	2.0																						
6	6	215.9	2.6																						
6	6.5	182.4	1.9																						
6	7	207.5	2.4																						
6	7.5	169.4	1.8																						
6	8	173.0	1.9																						
6	8.5	153.9	1.6																						
6	9	191.5	1.9																						
6.5	2	454.7	4.7																						
6.5	2.5	366.6	4.0																						
6.5	3	376.0	4.0																						
6.5	3.5	272.2	2.8																						
6.5	4	264.2	2.8																						
6.5	4.5	247.0	2.4																						
6.5	5	226.2	2.4																						
6.5	5.5	197.9	2.0																						
6.5	6	197.1	2.0																						
6.5	6.5	183.9	2.0																						
6.5	7	175.9	1.8																						
6.5	7.5	159.3	1.8																						
6.5	8	160.3	1.8																						
6.5	8.5	147.9	1.6																						
6.5	9	144.4	1.4																						
7	2	445.7	4.7																						
7	2.5	357.3	4.0																						
7	3	311.9	3.1																						
7	3.5	280.7	2.8																						
7	4	262.5	2.6																						
7	4.5	236.6	2.6																						
7	5	210.1	2.2																						
7	5.5	203.1	2.2																						
7	6	193.8	2.0																						
7	6.5	175.3	1.8																						
7	7	172.3	1.8																						
7	7.5	159.6	1.7																						
7	8	151.4	1.8																						
7	8.5	145.2	1.6																						
7	9	147.5	1.6																																													
7.5	2.5	312.9	3.1																						
7.5	3	343.3	3.5																						
7.5	3.5	292.4	2.8																						
7.5	4	274.8	2.8																						
7.5	4.5	241.3	2.6																						
7.5	5	214.8	2.4																						
7.5	5.5	190.4	2.0																						
7.5	6	182.3	1.8																						
7.5	6.5	171.4	1.8																						
7.5	7	164.6	1.8																						
7.5	7.5	150.6	1.6																						
7.5	8	147.4	1.6																						
7.5	8.5	144.0	1.4																						
7.5	9	138.8	1.4																																												
8	2.5	333.7	4.0																						
8	3	301.4	3.1																						
8	3.5	285.7	2.8																						
8	4	310.6	3.1																						
8	4.5	240.7	2.4																						
8	5	227.1538462	2.2																						
8	5.5	195.7	1.9																						
8	6	191.9	2.0																						
8	6.5	172.2	2.0																						
8	7	157.8	1.6																						
8	7.5	156.1	1.6																						
8	8	151.9	1.6																						
8	8.5	139.5	1.4																						
8	9	142.9	1.6																																														
8.5	3.5	272.0	2.8																						
8.5	4	270.4	2.8																						
8.5	4.5	228.0	2.4																						
8.5	5	215.2	2.4																						
8.5	5.5	198.0	2.0																						
8.5	6	176.8	1.8																						
8.5	6.5	166.6	1.8																						
8.5	7	162.2	1.6																						
8.5	7.5	148.9	1.6																						
8.5	8	142.2	1.4																						
8.5	8.5	138.2	1.4																						
8.5	9	143.2	1.4																					
9	3.5	282.0	2.8																						
9	4	228.7	2.4																						
9	4.5	221.3	2.4																						
9	5	198.8	2.0																						
9	5.5	188.7	1.9																						
9	6	180.1	2.0																						
9	6.5	168.1	1.7																						
9	7	158.7	1.6																						
9	7.5	147.1	1.5																						
9	8	147.5	1.6																						
9	8.5	135.8	1.4																						
9	9	141.9	1.4