#Frequency[KHz]  #Vout  #scaleVout #Vin  #phase temporal[musecondi]  #scaletempimusec
1 3.76 1 3.96 48 10
0.9 3.80 1 3.96 47.2 10
0.8 3.84 1 3.96 48 10
0.7 3.88 1 3.96 48 10
0.6 3.88 1 3.96 47.6 10
0.5 3.88 1 3.96 48 10
32 0.416 0.2 3.96 7.3 2.5
82 0.168 0.05 3.96 2.96 1
132 0.108 0.05 3.96 1.88 1
182 0.078 0.05 3.96 1.36 0.5
232 0.061 0.02 3.96 1.06 0.5
282 0.052 0.02 3.96 0.88 0.25
3 2.88 1 3.96 39.2 10
5 2.12 1 3.96 31.2 10
7 1.68 1 3.96 25.6 5
9 1.36 0.5 3.96 21.4 5
3.19 2.84 1 3.96 38.8 10
3.29 2.84 1 3.96 38.4 10
3.39 2.76 1 3.96 38 10
3.49 2.72 1 3.96 37.6 10
3.59 2.68 1 3.96 37.2 10
3.69 2.64 1 3.96 36.8 10
3.09 2.88 1 3.96 39.2 10
2.99 2.92 1 3.96 39.6 10
2.89 2.96 1 3.96 40.4 10
2.79 3 1 3.96 40.8 10
